107.41443590609694
109.61100124383674
111.31835069275446
117.18312415382927
107.19915630550622
108.10363615397921
117.09842606310416
116.90424376699
116.80875703742598
116.80185625337202
116.91169106881405
116.97325610418594
116.87118646579768
111.12715875758428
116.90128538839495
117.0256720249556
116.86021301429822
107.95997404134297
116.94612662209988
117.11912564290962
116.98096036662498
116.98995356444028
117.00876147551048
116.93679853137036
107.37179084357865
117.14472137144185
117.0427752748243
116.92706857237395
116.96362993075462
108.01921133421048
116.8299799724889
116.8919298245614
116.91058416697543
116.69645543368725
116.76725545169059
110.97551541315771
116.76240102171137
116.69414260001942
116.9408577603263
116.74864133524342
116.79263145974105
107.99607486755094
116.76708793300342
116.69152348826901
116.63691437802908
116.84414652014652
111.26501001874995
116.87339737709249
116.9292025558537
116.88701461439788
116.86460011936735
116.92954991659654
117.0346013685725
108.21539462314436
117.15826705274347
116.94661140906875
116.84574572884122
111.3735481634923
117.07685884326061
117.09152364620682
116.99453834126878
117.02923456649619
116.9496077055559
116.86512964627767
116.92013417119566
108.2931388366476
116.90329776160094
116.9425003897558
111.20775616622413
116.94397855473845
116.95761338705746
116.87394878647476
116.93668498681244
116.94102953312898
116.82270774428083
116.81201714821596
116.88495679352822
108.15552423078793
116.8360723240612
111.16370444134634
116.90028508723961
116.9737382694155
116.9146779054089
116.95973491908524
116.88857065021315
116.93859350484028
116.87029719089483
116.78815274392495
116.59154068761367
108.00247303902553
111.234191283312
116.59965128460597
116.79073705694869
116.5657946491521
116.51514840299888
116.39000195098525
116.44217874187841
116.33119269460633
116.46813077077853
116.22115634104573
116.35440178909751
111.17464127970376
108.10310120741367
116.37266789279687
116.3518013698113
116.2039633871404
116.11867515772812
116.17694658300327
116.21016684627104
116.16428762601481
116.17684622744365
116.04811174723558
109.50296471332321
111.49657973492945
116.0207243505554
107.80340984855701
116.16966412752566
116.08233389798608
115.92606925853848
116.01256095648472
115.77205854994382
115.73526648572877
115.75529109422742
115.60845985368833
111.49527954150912
115.53467504929132
115.59388750503408
107.40036105952295
107.43143085531575
107.88827658660045
115.5708571941209
115.69414849778977
115.49051594725906
115.43740551705558
115.43616877763621
111.45211972263671
115.51838126076882
115.24090446179505
115.44005951273945
115.31839285582056
115.26555047211136
107.98918391178667
115.28359429510313
115.40289697574192
115.28794304079993
115.4279786647048
107.22421888827577
115.24089195047358
115.21665895010693
115.33239934349632
115.10447463781486
114.90252331960593
114.88594680920885
108.00247515253847
114.80315587326854
114.71507252101024
114.51750975600861
107.21666765973505
114.58937579728632
114.56867447116188
114.57728790324364
114.19325592142422
114.50166596169402
114.27579765486095
114.33553371104388
107.8618256707538
114.22136231196899
114.20767864999057
111.38151387453287
114.22780545670226
114.08086166769843
114.00969797945663
113.89302391285581
114.03017665526451
113.77416666017497
113.59419355852812
113.65107010953629
108.03890028566498
113.79963037364404
111.41982070920179
113.60267673134895
113.42714831394092
113.45127673156719
113.33012080056628
113.26748935837857
113.21020644861981
112.98118527396208
112.95955478915191
112.94361456248933
107.90462869254712
111.44791483932701
112.81212377149878
112.73208183173854
112.72722088999633
112.63515523625661
112.53535936398025
112.49850679168941
112.58328819615674
112.51345383962149
112.5766889686684
112.43263510716865
111.46182558809448
107.96047215148673
112.20071222791293
112.34491181117596
112.11345449344003
112.33918480703782
112.0824532932552
111.95547864017827
112.07610042282454
111.90713571727986
112.02958257418011
111.53346991747814
111.8318377543306
108.10619077821984
111.76502265010318
111.60975430517111
111.76038859911502
111.89747934404228
111.82755534933051
111.71656327184715
111.60396563657831
111.68473186647704
109.3951672564242
111.4818011196843
111.50940051125588
111.6743043240466
107.89550127050127
111.50447711878408
111.47593335262745
111.43742020509863
111.74801901743264
111.69035942279558
111.50256659954445
111.4656200732393
111.4476848175686
111.55686973831543
111.39006090053464
111.49319628812783
108.01131223901324
111.23539976825029
111.39086642056559
111.39835802695976
111.31293864943845
111.22831295925745
111.39181296336585
111.2800280442334
111.28156133704921
111.27054504144817
111.38406599765239
111.12863397117418
107.19854890322853
108.10090446032576
111.14997585064037
111.24496965559727
111.166215262389
111.23061106998931
111.29695651827602
111.16537774646503
111.1366438582573
111.25830688091078
111.43953106916564
111.43117900122564
111.27193556131361
107.99773873215042
111.4811235654745
111.34513478543938
111.27143025885053
111.36179870290451
111.15903080732369
111.24963887175934
111.09472641493595
111.2165638944891
111.07298921378825
111.17616832630854
111.03820930040473
107.90001534683856
111.19105166954989
111.0998074063239
107.35038513729246
111.2381140121495
111.16233189596551
111.08672274877691
111.56052672296555
111.16764181119702
111.38296379342329
111.36791476110119
111.53262689165662
107.98084537905582
111.4248183059879
111.54460771345887
111.59810832891158
111.56869934224486
111.53587889481625
111.63022388368304
111.3629632620105
111.65057476976082
111.60930228672164
111.40925430085075
111.35100327483279
107.97604836314514
111.5389366918233
111.27127179553293
111.79731265566689
111.59471789852556
111.38944080857542
111.51995112055333
111.66423551046488
111.66445793933535
111.585288242672
111.54039571957573
111.58054458858182
111.40674443603933
107.95025307993505
111.60402805532699
111.56146376494833
111.59015290232718
111.58562471374196
111.46621632273423
111.67947065938323
111.70932346552972
111.77754929236724
111.76555004603233
111.69415164086587
111.8686844672531
108.05674411471513
111.5639918699187
111.60828989337837
111.5985299293613
111.46063255419446
111.59700096795892
111.55208164587721
111.37096852183163
111.52272487694916
109.37562008956104
111.39124372559955
111.44856498165645
111.49970258191055
107.88363407709457
111.45845226130653
111.4952832466717
111.42308118899734
111.30115256700925
111.33076490438695
111.26616974473406
111.30184940031234
111.63915807023028
111.33072502069668
111.26548700654632
111.05705465177766
108.02675876036531
111.41626510782842
111.25927993082306
111.11177421360189
111.12992057738977
111.07333135710681
111.02913056707717
111.73644575892499
111.08000489975909
111.00766045882202
110.81884685031169
111.03905627684298
108.03463626181107
110.96436108624782
110.74245466268384
110.61453695550198
110.79703233524974
110.92589228104731
111.65470959495087
110.58713376862548
110.76701522036589
110.61791566053658
110.68521875905459
110.69187618615744
107.073982532479
108.0405358818685
110.55722090162226
110.76221139986524
110.85753582060968
111.69210185791651
110.75171034172195
110.70152645832063
110.50776638308444
110.43115690427416
110.50331715070575
110.56912123012286
110.50678973690306
107.93454061659504
110.3604097067951
110.58849221099584
111.49721626052317
110.37947827243188
110.58249907925135
110.25187788344631
110.23853644940328
110.34107787695034
110.29507652213904
110.25135876423968
110.23086237050988
108.05971858638743
110.39616841742725
107.46569900994072
110.27752181411032
110.21531812260132
110.1164484650646
110.04581659265524
109.90044517811515
110.11814786625838
110.03510771786578
109.86298007634055
109.81845986366346
107.91781057622453
111.71512669975226
109.7151669618558
109.86902767598507
109.68569289954219
109.70304373625606
109.61522591115485
109.55861894634079
109.57589804024268
109.52931665836414
109.64957051493609
109.68149313627565
111.80018619899421
108.00097928147622
109.57761926540951
109.6279773055719
109.54291186033046
109.52229423603784
109.44143225680624
109.41741789514619
109.53709058409127
109.66555551646496
109.50977227118052
111.76737783349334
109.64198406925793
108.04767074330621
109.66004223513227
109.69408686183945
109.6710943329968
109.58375494598319
109.57013324438671
109.61549930743645
109.56045486600846
109.51734987969222
107.27297111348204
111.66403408911235
109.42413501961268
109.51314560608998
108.03404271687808
109.45412803609828
109.64673099244216
109.46691858103932
109.46775790143533
109.48231769820791
109.43089976039766
109.40870055899417
111.84774228418367
109.25364633611233
109.23344526174591
109.25351887396033
108.31660227968176
109.46911508712739
109.46547147136374
109.37345156167284
109.41938898838143
109.34433999735205
109.15999432140829
111.81559472764809
109.23611404249331
109.22478899460292
109.12007882792506
109.17101669875095
108.1629137688595
109.13593987653216
109.30462514284702
109.27257676098736
109.39024931633341
109.22313576199792
111.76642834158707
109.19188669933374
108.93164470932665
109.1068577187678
109.05704346916357
109.23867534831618
107.93750822507567
109.38006443253843
109.41094980465506
109.40620465083354
109.54120311115487
111.65069600536299
109.70671792941513
109.6545731868597
109.63980424429192
109.72305644164354
109.70706013613444
109.71329698699004
107.16229132018273
108.20904180076519
109.76312588774634
109.77464299922971
111.64601321271843
109.9079304539051
109.8389280098448
109.77555913987769
109.76051967862436
109.85091471179771
109.85389751456414
110.00167097887021
110.04257910763936
107.85312825909257
109.88249392180106
111.51683002931073
109.9603322683706
109.97439816253929
110.09077275783014
110.1314760293536
109.96329214413917
109.98539892230141
110.12601471553421
110.239347180501
110.19012370630489
108.03657916062039
107.49676399387383
110.17800297962242
110.11570364706273
110.03588988031188
110.04270331700856
109.98232237706205
110.0762193861093
109.85221537426243
110.107786433903
110.05617503025184
110.02726648680577
111.63888162223438
108.11633780434741
110.02859756936854
110.33772500586005
110.28150252728501
110.23460268899444
110.11482705900245
110.33621472239851
110.02728327558255
110.14906441094165
110.3707367726252
111.6277041744412
110.44409352390467
108.04907790457702
110.16523953525386
110.36616575518086
110.36376556193508
110.27665272903158
110.23664403305362
110.09202161217787
110.04528908966817
110.07668507929309
109.37848477257273
111.58190815518607
110.10625127099686
110.28498273972154
107.96454359003175
110.37692384486115
109.97752055701847
110.20575399900484
110.29610492845786
110.10171194242471
110.10522457518924
110.16413564411155
111.68867271700485
110.2194837814168
110.20126300148588
110.0714142611483
108.09497606753854
110.02758144142794
110.1938567889463
110.30359032667162
110.2087117907665
110.2631749028412
110.34910104964146
111.67749128583273
110.14012058841546
110.04568434194677
109.93649082229777
110.06722207000479
108.22708144625604
109.70734654022475
109.88371780665526
109.82241609498459
109.85587929240374
109.7268897770335
111.74526756172054
109.5779792813041
109.67360708449739
109.7365681828189
109.65620942190827
109.77779049094333
108.19689537119542
109.55496161452172
109.63499785627411
109.63989735791675
109.75564713725423
111.75873149149861
109.76269809722966
109.73606707716495
109.8546784879701
109.79722750510355
109.90792667909791
109.7861654721511
108.09645241131028
109.81198174683499
109.85376391982183
109.91868807347646
111.75581082074017
109.92894515683032
109.83205747575575
109.8566590512028
109.92578218665909
109.89104701712729
109.87077917552358
109.84693965147223
107.04153354632588
108.20789897448937
109.74501587409961
111.93852102071548
109.87746484820335
109.90610336562806
109.79778020684437
109.93035505917653
109.80251172136637
109.8859573967678
109.93111704808952
109.89954983599974
109.94203964301234
108.29063748382377
111.79422462340719
110.06434726517921
110.07667539747418
109.97874236040568
110.14427724804662
109.98901814107528
109.88278280246428
109.94158692185007
109.9102953917578
110.04256032445603
110.05551926845199
107.18957600625244
108.36732904734073
110.10741343556103
110.13089989626556
110.21320293800738
110.34377266323783
110.3974426300566
110.41654552101133
110.5163882815916
110.69110786156953
110.81664943666661
111.94952212216768
110.63487768844912
108.24581504422284
110.93011576290365
110.85430497791326
111.19324227299072
111.12000101933336
111.1464793573055
111.19757568560256
111.16291273041233
111.15248966115261
109.40540304325407
111.75543907986012
111.24928991512397
111.19818465677889
108.21983087730014
111.2671086629612
111.24776449311766
111.30493209912609
111.37817686400793
111.43377809395396
111.50031738077341
111.57244945775874
111.77113794257632
111.52270381836945
111.5404648068848
111.62837562141412
108.30217646782306
111.88599719007159
111.80602988036085
111.92559464321407
111.95499585062241
111.95520448527249
111.97700179518361
111.79982523907131
111.9695282863269
111.92471782379212
112.07272125536792
112.05790653060566
108.153901870038
111.91435120254535
111.9730412403889
111.88517298317967
112.11060964367309
112.10170374824614
111.57961040853668
112.0299615173172
112.07549017227846
112.08779674722953
112.25876191421763
112.18896255361129
108.02429556003563
112.21756899058953
112.20737518816377
112.47523449206494
112.47924913383753
111.7909227404772
112.56765682003476
112.30706002034589
112.63520439542417
112.32315832649712
112.64473662665989
112.63499336691923
108.29201469135684
112.5582537405206
112.53704678502497
112.56708347141506
111.60979886037111
112.58438533638488
112.54457856668986
112.67419825673926
112.76127233158735
112.77161476593112
112.4276707017058
112.61136038576274
108.16926371551749
112.57089278959525
112.62528827169712
111.81761601396491
112.68595676488864
107.16228011070913
108.14881522821655
108.14724323295752
108.13255477967733
108.38619795118441
108.21091230478483
108.18825914731447
108.16487410926366
108.27914110429448
111.81955988219896
108.22453550179263
108.21732458010061
107.11777474572067
108.36015562573722
108.26452034144046
108.48781326405867
108.40383138036661
108.44839146598015
108.38939894256647
108.54341219465282
111.77223338725226
108.28169670898605
108.21478169884904
108.30766873515667
107.22869578575452
108.25251559527078
108.14149967249841
108.24323380313601
108.03225442758492
108.16107642098511
108.00566476590636
107.02909333621257
108.11735811985189
108.2015036613315
108.10498377785422
108.01822450286265
107.10472763496274
107.87640355984364
108.0287108434872
108.08226978577451
108.0445067062955
107.87104223812082
109.37490793898684
111.71599462811288
108.1190219416067
108.0000195190506
108.10723470328497
107.87315319096173
108.02474589105594
107.29259861524459
107.96724193501129
107.91132287543371
107.95264783588469
107.73678645909114
111.61158483530143
107.72082547561584
107.824540403587
107.54755674072895
107.46303776302668
107.38766693248004
107.51194521676449
107.2610990343213
107.24152805362463
107.42059697240987
107.43120819056942
111.6882270941579
107.39680314643002
107.30052214855579
107.38732129611753
107.45139307498187
107.26452339531188
107.33326584533776
107.18046461023916
107.20447715606002
107.15917728593784
107.04573197613473
111.53602388831702
107.03627446171956
107.11031515797367
107.0583168884698
106.88974016997498
107.0331722555767
107.07593161152363
106.93174327671275
107.04337519795226
107.05906532475086
107.34055434974505
111.82223355864473
106.80572430021562
106.8397224456959
106.68993358510222
106.6565381328239
106.67216220574008
106.56774141754724
106.66992882562278
106.61330704375777
106.47963702809007
106.55087323943663
111.64159832635983
107.39420414951736
106.5748285851239
106.63391157070872
106.54571933292675
106.53321338462175
106.82048509519569
106.49170302073988
106.49546132099718
106.77503890445067
106.68614683213052
111.84766499649348
106.78286877032251
107.2814837905237
106.7960925056368
106.84555404831679
106.90566974070552
106.76947840260799
106.7126954893721
106.72834372834373
106.65701210332992
106.71805284155676
111.65584328232723
106.66258653556737
106.55302509539038
107.09420656472314
106.71216497284296
106.72815737678712
106.90771117275762
106.74025753473921
106.84823436575262
106.95161515732312
106.98844061873784
111.72686706590822
107.03734183520973
107.2012153017539
107.21068269361051
107.22300017871973
107.23673422029702
107.01016693862182
107.36026436338092
107.39843289737246
107.28858643419507
107.39838437845063
111.55910493448245
107.41397190719375
107.32895644801955
107.36517114011328
107.66705656113082
107.04098996185297
107.54572259711476
107.53037897550811
107.72185825478155
107.65869681238173
107.68276315535013
109.47696964301612
107.3122822342886
107.62938002803217
107.79893264099236
107.79670220515197
107.86809070183239
108.0782117482626
107.23144837188697
108.14390757321486
107.88378194722337
108.06196416507284
108.046391947272
111.52081500197777
108.25554668044919
108.32460117703668
108.39701084193695
108.26859209783805
108.32023508254771
108.64850410279065
107.17033654832751
108.48598784307876
108.46895610426549
108.40328833935052
111.37376291266344
108.6166569520224
108.45259437537902
108.59563750415815
108.59269681364962
108.60703014268167
108.72415406060266
108.93774729622791
107.14223905385535
107.11779985511745
108.73510646330413
111.4597126543534
108.92884271142135
108.8282723107796
108.72857905632628
108.85878487781
108.77688383781553
108.84356994916212
108.63428337168892
108.8992621704794
108.94986525415854
107.23370176095916
111.63894212649255
109.0668770526393
108.71592763001118
109.08562642240487
109.00797216590871
108.91666197737888
108.86227157066851
109.03003926391978
108.88828458587439
109.00086874480388
108.71467569843517
111.64014482730565
107.17123351725428
108.72148767222289
108.96006163269936
108.75332740147554
108.9494722721641
108.85699787717404
108.9515457871366
109.135499831328
108.98665225010254
109.05226678786501
111.57037727438505
108.66654190566197
106.99333622165831
108.87388956141167
109.11610314432312
108.75653115000941
109.07332659364305
109.03001305726544
108.79456684570134
109.03515058599703
109.00088396380305
111.29692552021827
108.94129504802386
108.80487381285363
107.01633097441481
108.78055570869398
108.70488806415756
108.73172310289841
108.66303966636653
108.59904187799413
108.48959186555571
108.49674226112245
111.24374534355547
108.59323326912441
108.43980071174377
108.55198908105218
107.00512346118266
108.20232097367676
108.40749790028251
108.60191862451133
108.47602213924219
108.39195604231301
108.46028853454821
111.51238156231013
108.52935784196706
108.64151200474934
108.44562735416382
108.69654420149735
107.10381431618916
108.40700359533483
108.42285862705864
108.2003305463737
108.15784174771517
108.18629908103593
109.41155434268846
111.42829460533416
108.12921450876772
108.0766120081457
108.31820262806713
108.14328232513182
108.0612484022156
107.16829298166823
107.99727908042466
108.15552335218177
108.00927951716334
108.32436733426486
107.2324492825334
108.05918932241308
108.05127785689542
108.18620121212122
108.09150158402993
108.05787332068239
108.02279101377415
107.39263911413195
107.91590493601463
108.04602265642235
107.91321158197215
111.56731172882695
108.11310953895827
108.12407068050399
108.07780492210001
108.13511627906976
107.9698193553315
107.92309478429969
108.00984891205009
107.2824940342684
107.74436379738549
107.9432204307959
111.53288624801729
107.81315621783246
107.73474239656721
107.61533870486421
107.71780193497162
107.68136097004054
107.79464754752223
107.80848795894197
107.6655611799616
107.19640814098729
107.26329352094241
111.5650404802371
107.68282411881891
107.65778519536619
107.79021041369472
107.67862731612993
107.70270162057196
107.72904222964551
107.88053693976534
107.9136939585771
107.80615515271613
107.64434772239447
111.69562584118438
107.20405971980774
107.67537496372933
107.62891293684243
107.77169556723662
107.68675450065372
107.55927858280175
107.77148719583255
107.61868971936704
107.45747057223885
107.56425143669648
111.65757358817261
107.71229389183921
107.07289486436606
107.59445158738008
107.51920868769827
107.55407001929666
107.73338131056715
107.84393385586678
107.51890963390949
107.74572214793713
107.80095153253517
111.70741777759204
107.66023473817665
107.7152322895763
107.2222771777531
107.78799386267741
107.9290269316176
107.90751911075704
107.95415440129142
107.7611339855702
107.69751282244682
107.77554992818807
111.78390781326449
107.80292717434946
107.86510539540058
107.72276234495561
107.2684369672863
107.76822273711399
107.84852744247006
107.7916003451913
108.05415806632072
107.9335266000252
108.08857513411543
111.56391855807743
108.10806336268968
108.0883004997958
108.12692164215734
108.19445722959408
107.2423149230222
108.06381396224639
108.17271956275914
108.47048268266748
108.20282618232049
108.40093556375781
107.22354264526679
109.3914000414934
111.49503971523681
108.56272455799403
108.439743059213
108.38046118772658
108.73150283761927
108.50814644967656
107.21008761688174
108.46172565952692
108.46476046916953
108.60351690243492
108.60631151382596
111.67914451973701
108.42655676997195
108.82938949361098
108.63767671391066
108.89691499443356
108.72706678700361
108.77381315160078
107.3834567977131
108.63130406397912
108.93022159794481
108.7125991124668
107.34930364848961
108.85717299771586
108.9016806413651
108.84949098592323
108.77884819655475
108.63642339956668
108.90969757205737
108.91935544068524
107.06127552306529
108.94384865191451
108.95317385571671
111.64581946843015
108.92047653945168
108.97508363567827
109.15129672220041
109.19881736653204
108.91977324599655
108.85357265305744
109.06689025700433
108.99149888974571
107.02042904054096
109.12881864653191
111.50451658842329
108.77226587778497
108.91763546981144
109.04940978864369
108.7885794211796
109.03268729034663
108.88218447840758
108.97845397845398
108.8564626170423
108.98463851483854
107.22518849133931
111.55843810505148
107.02806596823525
108.82764013188884
108.81537589864575
108.82339561773928
108.80443980388597
108.81690064794816
108.84681940263533
108.88531145722439
108.83119425907796
108.6775246056357
111.48231214261124
108.74856599182135
106.9881298400374
108.64183666932081
108.59437695051271
108.49791063667415
108.52209255608398
108.85016111191267
108.41761185362793
108.65310872952533
108.51301600714416
111.58229782204964
108.45362643198543
108.26937709809772
106.84422570443661
108.5630335517173
108.24498634339807
108.16671351472903
108.19360543713772
108.3906242566674
108.30615422592712
108.33908012275455
111.65872694100953
108.3223895000965
108.17975359811396
108.33906454903104
106.82470529501065
108.33881091280155
108.25887787508421
108.24635259519536
108.0108817868237
108.19908907268362
108.16331232506332
111.52341797460761
108.0535801725112
108.00463455759757
107.86399932202113
107.93757050097162
106.69097686479478
107.8082283874633
107.49438402567303
107.8123508891994
107.65081951681667
107.85879479300952
109.3538226495531
111.45259710029264
107.60816361786667
107.85844018647205
107.53678312714844
107.75635514202148
107.51278723341494
106.77463706496461
107.58278931750742
107.86100155734887
107.80186983099604
107.84180231853617
111.5191931469102
107.71870631656225
107.78160249321404
107.77781927187945
107.90614450380673
107.70027494939119
107.6888745279399
106.77270776274374
107.71309239515992
107.65433055024646
107.88914370781657
111.30221916992123
107.63710485334815
107.86355473981844
107.71514783957367
107.8506304846233
107.65324106293926
107.79105768483247
107.6888455354692
106.8967332738077
107.77822180764888
107.69251412292046
107.46837524368391
108.0140300186162
108.10938152844581
107.7059077602342
107.84767287493655
107.81289750757273
107.98342961679184
107.66768602497744
107.9269893122852
106.75610360383611
107.81077171947854
111.60366463735183
108.10213093271038
107.90851642642586
108.09053173502537
107.97924025765504
107.87271102751
107.99527472735177
107.90826586079751
107.83200245700246
107.92386282293226
106.9107259342093
111.47114849246655
107.89935837827785
108.1535019437116
108.11146013347718
108.18684730726581
108.17632711760648
108.40185529490881
108.33575769175559
108.57433528284268
108.43908817336627
108.37015529789306
111.48035516842647
107.43790891460478
106.80371841303811
108.45596322513325
108.32359765378476
108.54776294169862
108.43290208488459
108.69646844210506
108.58935449656687
108.8424645162517
108.82570553907969
111.76706965834813
108.83486743325034
108.94565895733008
106.91333131454468
109.04148369099897
108.91922818039039
109.05642421979583
109.02705468905675
108.85941701624179
108.99050036778557
108.98411917330232
111.52719870257121
109.04892750475156
109.07623445501098
109.10376941765442
106.96004553215708
108.99188063136211
109.26938813638486
109.11244447329618
109.14618937644342
109.21141279855792
109.17016773423587
111.50358652275673
109.34136591514057
109.21957471764506
109.17877837135023
109.37645865995738
106.99422811321143
109.26302894281572
109.29633980171968
108.81349147516678
109.03069463869464
109.08737237742623
109.49912470861413
111.53096301289072
109.1851359946126
109.10358911237307
108.9334248079034
109.0763514020093
109.31988546155591
106.83137944306326
109.17311258404101
109.1803997408913
109.08656092462806
109.19426941699277
111.61479624249303
109.21144097124792
109.32218275205969
109.15328099651295
109.43292694381304
109.14518197702517
109.19805344553319
106.95691178469485
109.2453879582583
109.49954412490978
109.37670754716981
111.2912065336788
109.39285343403351
109.28811702599843
109.35170434634364
109.10896833157815
109.09085946617475
108.9394731494652
109.02718579619568
107.10954286254372
108.9246816377474
109.2704434663259
111.53570551523825
109.08802836825923
108.88815094057229
109.02019254000409
109.15234758234057
109.12329507845203
109.29534837818278
109.18362429447393
108.97622476378062
107.15042889296865
109.1265301980609
107.35199023458232
109.08157851102636
109.11916487542968
109.08335578909548
109.28728722451173
109.22140556236106
109.07010470413755
109.36780500991169
109.29737961361015
109.24500854153321
107.17597671789288
107.03980990359673
109.02099173993665
108.98860764000142
108.83064268614572
108.97708625980835
108.97366526262735
109.02736393484604
108.82820964985638
108.74197586546515
108.70656406367058
108.85164133766924
111.4249837279482
107.25198672376425
108.81692215881542
108.82119511024116
108.7196842396824
108.86854473359517
108.62988082096952
108.69383390088088
108.53484890490712
108.79624610505743
108.53244040989084
111.32614786056912
108.61098956345253
107.3825398512221
107.15700197651192
108.69469055962318
108.62930690813828
108.49973941306347
108.58093468629413
108.44525561340555
108.35247796896618
108.4291839065396
111.42519395705803
108.28226009336302
108.52091350644498
108.32260006854962
107.1346337555083
108.22340133815948
108.44039081943036
108.29215842710025
108.25781497973138
108.20819978387883
108.34651540007005
111.60232188538453
108.22000146692093
108.16536164685081
108.18729455284627
108.3991457879783
107.32814676229083
108.1989347025664
108.37929961089495
108.44296596980149
108.25876813942602
108.34244455432852
109.44551838914391
111.46084897683072
108.1707829933021
108.39685582822086
108.48643923514175
108.34264098035288
108.42775410608819
107.05410338710173
108.334162352071
108.66095287272593
108.54227932735138
108.51119601268026
111.44881438256822
108.33605930351159
108.40757784237432
108.5021586542411
108.53322069500891
108.32607055446164
108.36776707726764
106.95524622668232
108.60096399620244
108.59024305682274
108.59705146289302
111.67312587927916
108.49481294905365
108.49767265641914
108.59019012764438
108.52171095268956
108.66880011571249
108.65537084975692
108.61837996418319
107.02019874264855
108.79499331961145
108.74610199007208
111.58673693086003
108.83734195178671
108.7008807149333
108.77364793746968
108.90739126845065
108.54730962884159
108.56816576622853
108.83321491165744
108.79464395436112
107.15482322399868
108.90357439733998
111.64461377129037
108.73532420848888
108.85264436900589
108.57584115751446
108.80900782928651
108.83391725748756
108.87269710287919
108.82096607682973
108.87116974870875
108.9010424991564
106.915297893435
111.56377731389516
108.88652329168804
109.14296569004351
109.04821940458112
109.1299691577272
109.18157113516713
109.2755939799149
109.21119608996696
109.19807690574676
109.19214214666788
109.23258382214497
107.23038481731386
107.1560845195454
109.28910891089109
109.19207647313692
109.20731497807314
109.31817687469412
109.31134976280964
108.88550696997018
109.28812199036918
109.2486591299243
109.21197226913164
111.61212857094674
108.89785589239595
107.03551940487625
109.36440972686658
109.43651702213846
109.19144620811288
109.19988006314323
109.43254981209672
109.41038034511972
109.39716786138352
109.57221100659962
111.42647292295095
109.3485654510179
109.83448181569592
107.08026234584044
106.96650963856636
109.70171209199083
109.41235968807916
109.67425938001163
109.75055994443962
109.58894839254042
109.53056867495077
111.64184873092996
109.59564665177594
109.52970888693088
109.45782335428382
109.3710681333345
107.04106482521911
109.33495334714328
109.46155180789785
109.55148340545837
109.5742703153071
109.51452617316762
109.38455805768056
111.78211394596993
109.61731497448073
109.49643580116616
109.51757501426613
109.49226918845375
109.5514607647904
107.26492644937987
109.51918521223031
109.51160535927718
109.29246375852254
109.46722183746895
111.81318598010394
109.4799382325393
109.65158367208672
109.5314382216898
109.60940287277124
109.66613088792637
109.83151201050173
107.31669095461916
109.80254369340913
109.76127194254423
109.48029625607656
111.75556486758298
109.71407288066592
109.58510003749275
109.6455316640611
109.65224814532344
109.47784317937702
109.67361020925864
109.66281981302905
107.12201901385755
109.55343676117832
109.53706828277264
111.80404203175883
109.43855535118077
109.6955272450322
109.5247931046324
109.73739920225165
109.6064918122833
109.69681502479297
109.52682589426763
109.71627654797909
107.21396153454768
109.75148485490362
111.74610014363496
109.67835937171012
109.93799155629702
109.84411401714314
109.70015910762861
109.72009481349637
109.68849596905328
109.81679636283141
109.49526808481508
109.49427738072902
107.13090183122713
111.81268654823408
109.5847806952566
109.4973608691196
109.47023040528401
109.5936767647286
109.63961127002038
109.6357346077479
109.51720457168643
109.47366577533253
109.60624222548908
109.58376200274348
111.96557937612096
107.33654570405605
109.6498762206024
109.7518773972428
109.63632894323973
109.73501905687812
109.66531483825416
109.77361095531069
109.76512660733651
109.68875343406593
109.62949230139871
107.2575851754011
109.67236226441399
106.90966146823888
109.96356605107914
109.88644106895696
109.56943433087648
109.85335663708882
109.69904893779835
109.6532622149402
109.81701404641812
109.6491512366177
112.16130227856631
109.78024270849123
109.71186616881373
107.11437964522342
109.73831393984688
109.69644432642643
109.694548452475
109.58108974633004
109.8075963065752
109.75703692233577
109.72540228895964
112.0744991425823
109.62833099579242
109.5098521305451
109.78610645246712
107.18034654593369
112.2722265083829
111.88092664472067
112.19381402872408
111.88765213687815
111.77559346584052
111.9100460587782
111.97066909586297
111.96521788150403
107.16666183308682
111.9055987989752
109.48266596703277
112.07504295884134
111.87205075779703
112.22726491459252
112.08086942364051
112.1261604516441
112.15886694529551
112.13748092216242
112.19724243276923
112.33346622297798
107.47772112178859
109.64090640752009
112.48411292757976
112.45896059376162
112.54949025989566
112.54818661064648
112.62641875454666
112.75896600089327
112.90673250254723
112.98426176650128
113.07090814154316
113.03674105677716
109.45700477874672
107.31582117976272
113.30093823363408
113.28670542377398
113.02442962040254
112.99558515109229
112.92819523177742
112.92215918638426
112.96578454536116
113.22935142557144
113.34527269961004
109.55732943680773
113.19583548990724
107.44064011909192
113.05406731119163
113.3098211272359
113.16953730247104
113.37182479202387
113.07854866619167
113.26697198699115
113.33463548830811
113.4061274740441
107.23719460953558
109.65059425508298
113.45200467464616
113.35790692920897
107.40516530362804
113.35764308859324
113.6508524499012
113.73939674891896
113.56624496664463
113.78413040135322
113.772042539361
113.62001565487031
109.59351544732986
113.60831765148664
113.5797895906705
113.72123443193048
107.26297746828273
113.66688762174499
113.7240680621568
113.70149928817179
113.82504284245401
113.68598703629986
113.82414907805801
109.77158284730423
113.79260090530454
113.91810221182155
113.84275051329375
113.88113903099608
107.27052464544282
113.89905011365518
113.95652173913044
113.79599921076995
113.99083666857251
113.87364780392127
109.71980108255613
114.20616906736505
114.15116462960034
114.1260361110486
113.9972025461318
114.23295740687045
107.04715633338236
107.15291614927759
114.03855341031844
114.04667166979362
113.96751868949205
109.61240260974219
113.98056038879223
113.84905745029275
113.85838303859423
113.80447227454674
113.94460488317144
113.88274715531254
113.92222937469124
107.40762346172286
114.02147325964233
114.01380817828012
109.78448417254387
114.14864090098722
113.90272292822348
113.92415879252815
113.97004218422263
114.11788876081144
114.0751746200596
113.92489735664529
114.03651626442812
107.2728912591663
113.96748207704151
107.2465764299607
113.93302938584729
114.01198255401782
113.96932200224131
113.77402079093906
113.88312429186045
113.73242980228335
113.7654216230928
113.81641158179542
113.64478475899686
107.35862590407592
109.77554166856726
113.76879276520408
113.81891002942889
113.81669465696336
113.77545100594102
113.72798857393315
113.85650871668842
113.81686097160042
113.75093484419263
113.73429597429597
113.89433272675619
109.778782545914
107.30516670908628
113.68945836294039
113.81653130588955
113.80017912915672
113.64894889495204
113.87348211613879
113.84375509570214
113.84602447324369
113.84345425560869
113.68804922962168
109.543807524918
113.7923146657497
107.11915031907351
113.47019491772356
113.56796524123905
113.55973354099044
113.46894359747886
113.70556137695502
113.4462671988802
113.48122803486554
113.40765389728844
109.69852160995968
109.54936504773464
113.56918278131272
113.5324765192511
107.02676765160197
113.63165300427657
113.59041564252851
113.45817627842693
113.593297665293
113.54489868188078
113.56688454874784
113.66146643439308
109.63483865152335
113.73941798941799
113.65226168108201
113.75461291771887
107.39898959341723
113.66537938704894
113.67995706298458
113.73522078527321
113.57544355594428
113.82757094264014
113.8352082270283
109.79416863814494
113.85386943024677
114.08862427673544
113.94799686397491
113.69018804691864
107.38396280203685
113.99503084170017
114.11990450845335
114.05006711409396
114.02071095688977
114.19492510985708
109.6348844309549
114.17688438261416
114.29694707642439
114.39567886658796
114.43940589061194
114.41059787669957
107.33142208684227
114.46079609317468
114.59972202379103
114.57904093530932
114.5570195506681
109.51502712987104
114.56606673030804
114.50521008666516
114.4495975203553
114.52877436507814
114.64433972500814
114.53651351809867
107.21954804530121
107.09404407267849
114.67646627169572
114.66297137803261
109.66610962867128
114.7793979555223
114.70981250522507
114.94066270204804
114.79320884655057
114.95625520548047
115.11182376331145
114.85837405398964
115.16833165699938
107.60262203460373
115.35729141883543
109.80775678213782
115.2507936269126
115.51532730779412
115.27996373934282
115.66525836854079
115.72061295404352
115.6236644873226
115.48581676634204
115.74189052012787
115.69051459851224
107.47486110563852
107.29310276168289
115.79068218869831
115.62149907651316
116.01554779285533
116.09476127419619
116.0182236492439
116.11764619150128
116.22081006719826
116.2934761799573
116.45740875966797
116.4505487901075
109.70148066298343
107.6014425635063
116.63049732840115
116.54611144669285
116.71126985819383
116.97110428649108
116.72462326590136
117.0505176815607
117.04076517825175
117.37608975647525
117.16910989050962
109.83043592436975
117.23716170350913
107.40338204388837
117.43952202656058
117.35608733929467
117.43168204339041
117.47234826491187
117.44173034453075
117.48587980745512
117.63742657066494
117.61801076402062
109.58853508849951
109.71440384381039
117.60835129615974
117.8023728479802
107.44095042592647
117.71188186091477
117.86931506849315
117.89418850039613
118.19900349835683
118.0023275215401
118.0437559840379
118.12171710438608
109.78308640791091
118.22655407323305
118.13811501826255
118.21644578658118
107.44504261109677
118.27828964767943
118.30608078688337
118.42410416364427
118.33976713069718
118.42420735279408
118.52501487253153
110.06289693837327
118.23139228953804
118.14938749612453
118.15740238709724
118.19503287070854
107.33750224582278
118.28836779170132
118.01899023098694
118.05944928517046
118.22964872021183
118.05240587446221
109.88862494611168
118.16856007017147
118.07898860051671
118.12412442412372
118.21045939207092
118.1297586194851
107.38155208973266
118.0919353148685
118.0315146809712
118.19609009715262
118.14733459093132
109.66957368553766
118.04388924518305
118.09502571464411
118.18242878311568
118.03702682773877
118.04360018411641
118.10141445923155
107.47231548624218
118.21594042423848
117.9988724747384
117.79641807547938
109.81138090430902
117.84600144750597
117.73336513236346
117.74995788317158
117.4351756893379
117.61300201750439
117.58929147955739
117.5320875264334
107.11204075759674
107.17987373141374
117.35573223135546
110.02985519180734
117.35489099723404
117.39881793652833
117.2929398897346
117.45503172221149
117.46322847669839
117.32170377792355
117.50328818431252
117.31979695431473
117.2208850489638
107.42995443058126
110.00025296801263
117.22786275911365
117.38238604994659
117.14260816148686
117.19538382504037
117.14173002544155
117.20332213182408
117.19769087852782
117.13113678228639
116.98737001213584
117.02952490091458
107.35281592994662
107.37544861499416
116.84186813837185
116.67733358586227
116.81276979339964
116.60560351198747
116.54305433829974
116.71580308216663
116.53801960368683
116.4949210350708
116.45478064990968
110.09013783935069
116.60016233282697
107.28185954500495
116.73568750140338
116.63159267761844
116.68941546273348
116.7693785114218
116.76089175152518
116.67343990972353
116.7567752440575
116.86434117283811
109.78493031437058
109.98767857299458
116.862687195209
117.15458890299455
107.38045608409051
117.01726437630462
117.04703830166271
116.98510598941955
117.17102042012988
117.19458748523151
117.14155583624341
116.98105318557937
110.32244135941744
117.0979827511669
116.74955386289444
117.01181474821443
107.38597192386472
117.07302687494504
117.04736039015557
117.01436166338941
117.15538743424553
117.09340830990315
116.98273792305467
110.07466120749237
117.11835252242763
117.3551934441501
117.21560102487425
117.36212839137092
107.54599534529112
117.41181754955373
117.42712423088192
117.59527071598924
117.66236638407666
117.87833871441151
110.08344017281652
117.93258772379265
117.9824322941787
117.91241257978685
118.04877707587872
118.30139500197406
107.58559670781894
118.3424429310496
118.2757698429426
118.23697555171535
118.38106778916337
110.1644789267669
118.36755684635546
118.44322372845362
118.32291835113301
118.6447836640008
118.50202172818189
118.59609099228658
107.25476338667255
118.4767666281637
118.61636735022586
118.68476598009002
110.1807327144097
118.60168538918421
118.78383291914993
118.82818278831114
118.97482157736478
119.06043626320394
119.22828471979015
119.38460881022756
107.27401881733728
119.40163354834985
119.43273786269845
110.08933790492144
119.68814519169887
119.55264717158691
119.70153917127999
119.75952398772547
119.74852296878116
119.70782983510786
119.79257401517005
119.67818442867205
107.31317338546869
107.56522135179449
110.24671110953513
119.86469415119896
120.06879073135408
119.93488084184463
120.05104757972958
120.01674933703403
120.03039235616995
120.19774276182129
120.21186609032806
120.20603993822014
120.41845695414256
110.11410495893983
107.51525903501961
120.3151113913409
120.432997784819
120.40080558957406
120.48290676934401
120.49994343891403
120.67328933952645
120.72109176628591
120.82578414285014
120.65406241611686
107.26554336989032
120.82886814105379
107.36903801106277
120.78084331813523
120.85171172572787
120.73822597079135
120.74590942089685
120.66824240816128
120.47457113670788
120.32918918539029
120.49680551293139
109.74159701546077
110.23671371319045
120.52782773710223
120.69709598883018
107.45922849689251
120.50467531740365
120.52275258937405
120.41914609558063
120.27998981003987
120.5218105271694
120.45089084579152
120.4553954163432
110.35362775753504
120.4312263854978
120.46203629345193
120.42656226554081
107.73503878654887
120.37750008512377
120.32166388769363
120.21745602349039
120.49246190479403
120.43202676864244
120.54689171031343
110.32494719788282
120.23875470257892
120.38887761864189
120.15566675682986
120.18348101394548
107.76897848479894
120.04675650054172
119.97184814238344
119.93421721881252
120.02630397701769
119.88550823887856
110.25002952739298
119.91177027188046
119.76495353930554
119.76199006248267
119.73205986805115
119.7853048053515
107.6939431821435
119.39643434392907
119.46424445184749
119.40599552958595
119.46089495982679
110.40497782200983
119.31618159131797
119.49856136951838
119.6118301210483
119.45619513903583
119.38675958188153
119.52903070842643
108.03719665635033
119.43502956342135
119.6887225556233
119.31963924963925
110.46994120673803
119.42157938129547
119.24701223392971
119.1360941315979
119.07619985546471
119.01167301576207
118.95262129941406
119.01693772646836
107.78147143648414
118.97692039031483
119.01447423233614
110.4899885994173
118.86227788772747
118.67709354634061
118.64604647130224
118.69477260051717
118.70103929611967
118.60200281147196
118.56641558629681
118.76532859322376
108.05012475795031
118.61858854898362
110.64961744321691
118.592223596912
118.67368050010431
118.4853846098093
118.62018799233094
118.60200164021279
118.48157073897971
118.52845254080292
118.37566894657013
118.38206490522688
107.21151690739526
110.80020369910731
107.81558235879211
118.30161962458455
118.24153068177743
118.22913992758039
118.18225617089514
118.19692217352697
118.35124099279423
118.41935107376284
118.27835540450238
118.41966421674593
110.58374927158023
118.417770042361
107.87795131180138
118.24629617695288
118.5818026265758
118.38944867817887
118.50482829921813
118.37108486122183
118.46951170955948
118.50778541756195
118.3870376576795
109.81837359585566
107.36260909600449
118.50432097441725
118.66509096118034
107.79031963118739
118.68468618640382
118.75513011578586
118.51370397111913
118.57129316083471
118.53880591617546
118.75270739755499
118.65359078738273
110.6586753004257
118.67124764019587
118.78832784884608
118.81442880248338
107.96857889615964
118.9250852460685
118.89715076940645
118.87955917831295
119.10175183614723
118.95165342615726
119.03879390117164
110.64906660680056
118.90275553939631
119.30927146263072
119.01993374255663
119.13901267111585
107.82094770297601
119.31555259446165
119.13835521963715
119.31804252948278
119.27594110781432
119.44323458997953
110.85795212009107
119.40399073987801
119.30136446656878
119.44908108580415
119.48522199746787
119.41285394365892
108.00506898391646
119.14438022113906
119.5670555967057
119.29897232747732
119.63473586734767
110.80575200788329
119.55537219475762
119.69875619230906
119.52882970492408
119.85959014111651
119.78633251242046
119.86464685230196
107.70253410566832
120.01771932421289
120.15538864776507
119.90335099000085
110.69233426308926
120.10680926815084
119.97101388743866
120.10167023196504
120.08250781975046
120.10112519584105
120.2689044206633
120.3355838322322
108.1046565016931
120.3219179948236
120.23700806918013
110.7390388323946
120.30701611036211
120.33329711965452
120.29662608931538
120.2
120.3686637486782
120.382093555685
120.43607880370283
120.42024724401998
107.7526728097343
120.52785683308939
110.76591796792259
120.4582606579321
120.43412329393772
120.46855914036483
120.54080716277625
120.66286537057567
120.74494858898944
120.55952533286639
120.65094887553184
120.76706686056343
107.80846725718187
110.98652177156642
120.72520320812292
120.6864196200699
120.73564419314526
120.7787701495764
120.64378093996717
120.60062633586753
120.4301029535865
120.39395201770141
120.36617759354205
120.42540511355482
111.02726534303586
107.12343712082045
107.85904553664797
120.33139225660398
120.50635294439805
120.39016809994467
120.5122972442809
120.53737327220149
120.56115605669308
120.5825899806435
120.63132609275874
116.11662284894838
111.00593718458707
120.61888546602384
120.69702541158377
107.8287123433751
120.8550115408827
120.79842630817544
120.78551731900166
120.92751441834295
120.85263955331715
120.79136439244628
121.21255132700794
107.15852529976615
120.94829697745865
120.87132550193432
120.84059341444451
107.72979361072505
120.84932467988072
120.84934348888763
120.771964678351
120.95389009987035
121.00303934019206
120.91376779217464
111.11973425939907
120.82886530332947
120.74330715371178
120.78762940954336
120.82453563406895
107.89922623434046
120.58904781938017
120.71351764895805
120.75576600403834
120.58822498685825
120.66094490647441
111.19852539366272
120.56827548115733
120.51665414120217
120.74705609643023
120.60572316912753
120.61564006050585
107.88241344825944
120.70375210137455
120.63396571750378
120.35139000876424
120.49691801358306
110.95816188267372
120.34923866480044
120.19348880491793
120.29582805679559
120.13034894171095
120.32950188870723
120.1404598475597
107.90294373971143
120.1434180804875
119.8414416285833
119.95876260672449
110.9890927160545
120.00517792297158
119.77028142279443
119.7505131066022
119.7473057367083
119.6306339192242
119.60727766666894
119.59171840104904
107.81471755312472
119.51478958791171
119.61509752979504
111.05703425121865
119.40530305624225
119.34625476610225
119.44545685171875
119.16663272686418
119.26947999180311
119.24671546479136
119.00432488167439
119.09986995718815
107.70167712297953
118.88022497483259
111.07874326808346
118.78807770460146
118.71640680854752
118.63925374444185
118.57749564096177
118.64391923036891
118.3490545775039
118.5384856443622
118.11286516396778
118.1712909712895
107.90767537720458
111.06205666604798
118.21175002242086
117.88875011938259
118.05181876763771
117.9305483638061
118.0656922641057
118.07291166499338
118.05733987878439
117.87595527829306
117.8361832565218
117.87238985712155
111.26465487901723
107.81772461078363
117.82058137550486
117.79862245007095
117.55332469775475
117.53033699842925
117.4271434370379
117.40763882841301
117.30575075917012
117.134414427517
117.22454909672591
